solid OpenSCAD_Model
  facet normal -1 0 0
    outer loop
      vertex 0 0 0
      vertex 0 10 10
      vertex 0 10 0
    endloop
  endfacet
  facet normal -1 -0 0
    outer loop
      vertex 0 10 10
      vertex 0 0 0
      vertex 0 0 10
    endloop
  endfacet
  facet normal -0 0 1
    outer loop
      vertex 0 10 10
      vertex 10 0 10
      vertex 10 10 10
    endloop
  endfacet
  facet normal 0 0 1
    outer loop
      vertex 10 0 10
      vertex 0 10 10
      vertex 0 0 10
    endloop
  endfacet
  facet normal 1 -0 0
    outer loop
      vertex 10 0 10
      vertex 10 10 0
      vertex 10 10 10
    endloop
  endfacet
  facet normal 1 0 0
    outer loop
      vertex 10 10 0
      vertex 10 0 10
      vertex 10 0 0
    endloop
  endfacet
  facet normal 0 1 -0
    outer loop
      vertex 10 10 0
      vertex 0 10 10
      vertex 10 10 10
    endloop
  endfacet
  facet normal 0 1 0
    outer loop
      vertex 0 10 10
      vertex 10 10 0
      vertex 0 10 0
    endloop
  endfacet
  facet normal 0 0 -1
    outer loop
      vertex 0 0 0
      vertex 10 10 0
      vertex 10 0 0
    endloop
  endfacet
  facet normal -0 0 -1
    outer loop
      vertex 10 10 0
      vertex 0 0 0
      vertex 0 10 0
    endloop
  endfacet
  facet normal 0 -1 0
    outer loop
      vertex 0 0 0
      vertex 10 0 10
      vertex 0 0 10
    endloop
  endfacet
  facet normal 0 -1 -0
    outer loop
      vertex 10 0 10
      vertex 0 0 0
      vertex 10 0 0
    endloop
  endfacet
  facet normal -1 0 0
    outer loop
      vertex 10 10 10
      vertex 10 20 20
      vertex 10 20 10
    endloop
  endfacet
  facet normal -1 -0 0
    outer loop
      vertex 10 20 20
      vertex 10 10 10
      vertex 10 10 20
    endloop
  endfacet
  facet normal -0 0 1
    outer loop
      vertex 10 20 20
      vertex 20 10 20
      vertex 20 20 20
    endloop
  endfacet
  facet normal 0 0 1
    outer loop
      vertex 20 10 20
      vertex 10 20 20
      vertex 10 10 20
    endloop
  endfacet
  facet normal 1 -0 0
    outer loop
      vertex 20 10 20
      vertex 20 20 10
      vertex 20 20 20
    endloop
  endfacet
  facet normal 1 0 0
    outer loop
      vertex 20 20 10
      vertex 20 10 20
      vertex 20 10 10
    endloop
  endfacet
  facet normal 0 1 -0
    outer loop
      vertex 20 20 10
      vertex 10 20 20
      vertex 20 20 20
    endloop
  endfacet
  facet normal 0 1 0
    outer loop
      vertex 10 20 20
      vertex 20 20 10
      vertex 10 20 10
    endloop
  endfacet
  facet normal 0 0 -1
    outer loop
      vertex 10 10 10
      vertex 20 20 10
      vertex 20 10 10
    endloop
  endfacet
  facet normal -0 0 -1
    outer loop
      vertex 20 20 10
      vertex 10 10 10
      vertex 10 20 10
    endloop
  endfacet
  facet normal 0 -1 0
    outer loop
      vertex 10 10 10
      vertex 20 10 20
      vertex 10 10 20
    endloop
  endfacet
  facet normal 0 -1 -0
    outer loop
      vertex 20 10 20
      vertex 10 10 10
      vertex 20 10 10
    endloop
  endfacet
  facet normal 0.853553 -0.146447 0.5
    outer loop
      vertex 0 0 0
      vertex -3.53553 -13.5355 2.07107
      vertex 1.46447 -8.53553 -5
    endloop
  endfacet
  facet normal -0.5 -0.5 0.707107
    outer loop
      vertex -5 -5 7.07107
      vertex -12.0711 -12.0711 -2.92893
      vertex -3.53553 -13.5355 2.07107
    endloop
  endfacet
  facet normal 0.5 0.5 -0.707107
    outer loop
      vertex -7.07107 -7.07107 -10
      vertex -8.53553 1.46447 -5
      vertex 0 0 0
    endloop
  endfacet
  facet normal 0.853553 -0.146447 0.5
    outer loop
      vertex 0 0 0
      vertex -5 -5 7.07107
      vertex -3.53553 -13.5355 2.07107
    endloop
  endfacet
  facet normal 0.5 0.5 -0.707107
    outer loop
      vertex 1.46447 -8.53553 -5
      vertex -7.07107 -7.07107 -10
      vertex 0 0 0
    endloop
  endfacet
  facet normal 0.146447 -0.853553 -0.5
    outer loop
      vertex -3.53553 -13.5355 2.07107
      vertex -7.07107 -7.07107 -10
      vertex 1.46447 -8.53553 -5
    endloop
  endfacet
  facet normal -0.146447 0.853553 0.5
    outer loop
      vertex 0 0 0
      vertex -13.5355 -3.53553 2.07107
      vertex -5 -5 7.07107
    endloop
  endfacet
  facet normal -0.5 -0.5 0.707107
    outer loop
      vertex -5 -5 7.07107
      vertex -13.5355 -3.53553 2.07107
      vertex -12.0711 -12.0711 -2.92893
    endloop
  endfacet
  facet normal -0.853553 0.146447 -0.5
    outer loop
      vertex -12.0711 -12.0711 -2.92893
      vertex -13.5355 -3.53553 2.07107
      vertex -7.07107 -7.07107 -10
    endloop
  endfacet
  facet normal 0.146447 -0.853553 -0.5
    outer loop
      vertex -3.53553 -13.5355 2.07107
      vertex -12.0711 -12.0711 -2.92893
      vertex -7.07107 -7.07107 -10
    endloop
  endfacet
  facet normal -0.853553 0.146447 -0.5
    outer loop
      vertex -7.07107 -7.07107 -10
      vertex -13.5355 -3.53553 2.07107
      vertex -8.53553 1.46447 -5
    endloop
  endfacet
  facet normal -0.146447 0.853553 0.5
    outer loop
      vertex -8.53553 1.46447 -5
      vertex -13.5355 -3.53553 2.07107
      vertex 0 0 0
    endloop
  endfacet
endsolid OpenSCAD_Model
